    unsorted:	 109.4843445 109.4681629 109.5023525 109.5216106 109.4463072 109.5409163 109.5590216 109.5753683 109.3853534 109.1938961 108.6312198 110.7309493 106.8752406 100.2842529 140.5219714 144.1472591 145.5165485 166.0324957 171.5252686 180.8150713 181.8307051 194.4416142 195.0621711 205.4381282 214.1868197 229.3735889 231.3975688 242.2820638 242.9519179 253.7408661 265.9197496 74.11571028 277.2947262 281.8818199 287.2190300 308.3368491 318.0569230 343.7105000 379.3237550 534.2844140 769.4700973 896.2130550 1746.861895 2372.878002 3639.053026 5558.914521 7822.003942 11819.07354 20016.81222 20462.72352 25267.30936 30913.90823 58050.83649 80432.89418 133750.3677 255342.0452 338770.8048 638883.5675 1027047.551 1555326.011 1.666555677e+11 109.6622716 109.6622716
      sorted:	 74.11571028 100.2842529 106.8752406 108.6312198 109.1938961 109.3853534 109.4463072 109.4681629 109.4843445 109.5023525 109.5216106 109.5409163 109.5590216 109.5753683 109.6622716 109.6622716 110.7309493 140.5219714 144.1472591 145.5165485 166.0324957 171.5252686 180.8150713 181.8307051 194.4416142 195.0621711 205.4381282 214.1868197 229.3735889 231.3975688 242.2820638 242.9519179 253.7408661 265.9197496 277.2947262 281.8818199 287.2190300 308.3368491 318.0569230 343.7105000 379.3237550 534.2844140 769.4700973 896.2130550 1746.861895 2372.878002 3639.053026 5558.914521 7822.003942 11819.07354 20016.81222 20462.72352 25267.30936 30913.90823 58050.83649 80432.89418 133750.3677 255342.0452 338770.8048 638883.5675 1027047.551 1555326.011 1.666555677e+11
