    unsorted:	 284.2818443 283.9192933 289.9862859 275.7514428 302.7288165 316.2194003 259.9500748 257.9166555 325.4471622 332.0156270 342.1197462 245.5373929 358.5343300 371.1194373 220.6175325 216.4267335 201.4441242 388.9754537 408.3244441 178.6604459 156.4345573 150.8729599 136.3469050 434.4888588 446.8367701 109.6746810 110.1384022 494.9056448 520.4717670 86.25848924 560.6739527 567.6519990 574.7247508 592.1261822 618.9567599 0.06053831970 0.05570727133 660.0521382 17.91340599 701.2598724 752.5761812 780.8371098 832.6456660 851.7143254 905.1274179 934.4592367 988.5946017 1222.678898 1707.554665 2505.784733 4957.124566 8697.035313 28539.03851 1.639998676e+10
      sorted:	 0.05570727133 0.06053831970 17.91340599 86.25848924 109.6746810 110.1384022 136.3469050 150.8729599 156.4345573 178.6604459 201.4441242 216.4267335 220.6175325 245.5373929 257.9166555 259.9500748 275.7514428 283.9192933 284.2818443 289.9862859 302.7288165 316.2194003 325.4471622 332.0156270 342.1197462 358.5343300 371.1194373 388.9754537 408.3244441 434.4888588 446.8367701 494.9056448 520.4717670 560.6739527 567.6519990 574.7247508 592.1261822 618.9567599 660.0521382 701.2598724 752.5761812 780.8371098 832.6456660 851.7143254 905.1274179 934.4592367 988.5946017 1222.678898 1707.554665 2505.784733 4957.124566 8697.035313 28539.03851 1.639998676e+10
