    unsorted:	 109.6622716 109.6622716 93.69928712 103.0977158 104.2590207 101.6922082 105.2195009 99.99470062 97.93068035 95.43734582 92.39946503 88.69519101 114.3189684 84.25427487 78.91394886 132.4210273 135.9493053 136.7647525 141.0624770 72.35140986 148.3504155 63.53311197 171.2347671 191.1539726 189.7512438 197.6562118 202.7135955 212.9441688 215.4851977 49.22530804 227.2980217 231.8448047 235.6178081 248.5836922 263.4069381 268.4309700 19.91742017 0.06177858674 0.4321096811 289.4724413 296.1094854 306.1433356 325.9121890 361.7586076 375.7256317 479.4939332 542.1317550 859.1202405 1000.209340 1673.475588 3748.640792 3984.154909 7658.124318 8489.693624 9641.398415 20359.67740 20808.76503 32199.96580 40347.35250 46990.29026 72790.85791 88396.79838 155273.0051 213869.1205 359069.2470 531883.7187 775013.6181 1422999.244 2458074.104 6.475614581e+10
      sorted:	 0.06177858674 0.4321096811 19.91742017 49.22530804 63.53311197 72.35140986 78.91394886 84.25427487 88.69519101 92.39946503 93.69928712 95.43734582 97.93068035 99.99470062 101.6922082 103.0977158 104.2590207 105.2195009 109.6622716 109.6622716 114.3189684 132.4210273 135.9493053 136.7647525 141.0624770 148.3504155 171.2347671 189.7512438 191.1539726 197.6562118 202.7135955 212.9441688 215.4851977 227.2980217 231.8448047 235.6178081 248.5836922 263.4069381 268.4309700 289.4724413 296.1094854 306.1433356 325.9121890 361.7586076 375.7256317 479.4939332 542.1317550 859.1202405 1000.209340 1673.475588 3748.640792 3984.154909 7658.124318 8489.693624 9641.398415 20359.67740 20808.76503 32199.96580 40347.35250 46990.29026 72790.85791 88396.79838 155273.0051 213869.1205 359069.2470 531883.7187 775013.6181 1422999.244 2458074.104 6.475614581e+10
