    unsorted:	 349.4994892 353.8187441 344.7493412 361.9648323 334.8391039 327.7856725 324.8678829 374.4924375 382.1516681 388.0369008 396.8256669 401.5605083 404.2859656 309.3673797 300.4757371 291.1261846 282.3798535 268.4982225 424.3286157 438.7837428 252.6432236 445.5012187 454.4188487 221.7376737 222.8812821 226.7588275 217.3466924 199.0074770 193.3521090 475.6329508 487.6073255 181.7462318 502.6868260 159.7701825 529.1556162 568.5805554 625.1565453 690.0648088 728.1581319 750.8005270 887.7683917 1484.167010 28548.57406 10167350.96
      sorted:	 159.7701825 181.7462318 193.3521090 199.0074770 217.3466924 221.7376737 222.8812821 226.7588275 252.6432236 268.4982225 282.3798535 291.1261846 300.4757371 309.3673797 324.8678829 327.7856725 334.8391039 344.7493412 349.4994892 353.8187441 361.9648323 374.4924375 382.1516681 388.0369008 396.8256669 401.5605083 404.2859656 424.3286157 438.7837428 445.5012187 454.4188487 475.6329508 487.6073255 502.6868260 529.1556162 568.5805554 625.1565453 690.0648088 728.1581319 750.8005270 887.7683917 1484.167010 28548.57406 10167350.96
