    unsorted:	 112.9134160 113.2064219 112.4065379 111.8023973 111.2852877 110.8526593 113.9753389 110.4908247 114.8315922 115.5874721 115.9701299 116.4176144 117.8178232 107.9451863 134.6478491 133.0734740 149.7509156 155.4703938 166.6821669 168.1121623 170.5016148 174.7949372 185.3830301 186.8064634 191.2556364 192.6297826 202.8710438 212.7451652 223.9713034 232.5399946 238.3479478 241.8800346 253.8639313 263.7446252 271.1270936 285.0280956 290.8133576 308.8749754 308.1924362 43.35091872 350.7482367 362.7015850 436.6905276 639.2572824 904.1223435 1730.757304 1966.252543 2198.782967 4231.393090 7600.472550 10749.25976 15754.16952 20252.36516 26544.57577 45868.16127 99030.75183 130060.8396 202192.1122 685299.8980 1257241.765 109.6622716 109.6622716
      sorted:	 43.35091872 107.9451863 109.6622716 109.6622716 110.4908247 110.8526593 111.2852877 111.8023973 112.4065379 112.9134160 113.2064219 113.9753389 114.8315922 115.5874721 115.9701299 116.4176144 117.8178232 133.0734740 134.6478491 149.7509156 155.4703938 166.6821669 168.1121623 170.5016148 174.7949372 185.3830301 186.8064634 191.2556364 192.6297826 202.8710438 212.7451652 223.9713034 232.5399946 238.3479478 241.8800346 253.8639313 263.7446252 271.1270936 285.0280956 290.8133576 308.1924362 308.8749754 350.7482367 362.7015850 436.6905276 639.2572824 904.1223435 1730.757304 1966.252543 2198.782967 4231.393090 7600.472550 10749.25976 15754.16952 20252.36516 26544.57577 45868.16127 99030.75183 130060.8396 202192.1122 685299.8980 1257241.765
