    unsorted:	 291.8001257 287.6651501 280.9641171 278.4072875 308.6544009 306.1289501 319.0933341 261.8918088 344.3581870 347.2285269 350.8131834 240.9669452 373.8335998 226.8851911 220.7786839 211.6850442 199.0421260 397.2666006 413.6553229 181.6540759 443.9944214 456.6773168 476.5512337 140.9233989 136.3185598 518.4597847 549.3973949 574.4337451 586.9138891 629.9140617 649.9606717 667.8043979 0.004875739623 0.05353344790 77.71671063 6.760199844 713.5814722 747.4195154 780.4971504 846.4460086 896.1620799 933.6757392 984.6816322 1048.623495 1111.371505 1275.956021 1350.420822 1808.659966 2929.327840 3790.201105 8589.155952 28558.89102 189882.0137 3.368216312e+10
      sorted:	 0.004875739623 0.05353344790 6.760199844 77.71671063 136.3185598 140.9233989 181.6540759 199.0421260 211.6850442 220.7786839 226.8851911 240.9669452 261.8918088 278.4072875 280.9641171 287.6651501 291.8001257 306.1289501 308.6544009 319.0933341 344.3581870 347.2285269 350.8131834 373.8335998 397.2666006 413.6553229 443.9944214 456.6773168 476.5512337 518.4597847 549.3973949 574.4337451 586.9138891 629.9140617 649.9606717 667.8043979 713.5814722 747.4195154 780.4971504 846.4460086 896.1620799 933.6757392 984.6816322 1048.623495 1111.371505 1275.956021 1350.420822 1808.659966 2929.327840 3790.201105 8589.155952 28558.89102 189882.0137 3.368216312e+10
