    unsorted:	 299.0848791 299.8431023 301.2667053 305.1430253 289.8970896 283.2088889 280.3470331 316.8655106 329.4752106 337.2156979 344.9948219 355.3636534 383.2492717 387.3124763 399.2105072 250.5919610 251.8580240 245.7168274 420.9159329 434.8483106 455.3278976 462.2630068 488.1910032 504.6809095 575.8852268 572.0786978 586.4231648 610.5557531 638.0714944 641.8631158 652.0355741 660.3400839 184.8295608 721.8677491 771.9771330 785.9971961 801.7418012 85.70092758 54.24585723 850.1649395 0.07382822127 20.43467252 907.6669089 953.5665466 994.8735753 1086.912709 1260.850762 1404.759131 2194.547302 2473.880351 4638.261675 28511.84251 46417.31307
      sorted:	 0.07382822127 20.43467252 54.24585723 85.70092758 184.8295608 245.7168274 250.5919610 251.8580240 280.3470331 283.2088889 289.8970896 299.0848791 299.8431023 301.2667053 305.1430253 316.8655106 329.4752106 337.2156979 344.9948219 355.3636534 383.2492717 387.3124763 399.2105072 420.9159329 434.8483106 455.3278976 462.2630068 488.1910032 504.6809095 572.0786978 575.8852268 586.4231648 610.5557531 638.0714944 641.8631158 652.0355741 660.3400839 721.8677491 771.9771330 785.9971961 801.7418012 850.1649395 907.6669089 953.5665466 994.8735753 1086.912709 1260.850762 1404.759131 2194.547302 2473.880351 4638.261675 28511.84251 46417.31307
