    unsorted:	 633.9764020 630.1915586 643.0167952 672.0918409 669.3211310 679.1447564 587.6639663 583.3704457 572.5647639 543.7832371 526.6603693 513.6041447 498.4907142 723.0605641 732.2084765 752.9399503 767.8701273 464.9824271 434.9962905 810.1843700 830.6811024 846.1262860 379.9403049 369.2965424 339.1617226 884.6136235 905.6143559 274.7616826 227.1717870 228.2372434 235.0659962 237.7843203 177.2237802 166.1907800 148.1882059 993.4905543 1036.070196 1052.777990 1107.237222 1165.127570 1177.157324 1216.749652 12.89988784 16.30491480 1331.425982 14493.53274 28512.61499 32132.27159 532545175.5
      sorted:	 12.89988784 16.30491480 148.1882059 166.1907800 177.2237802 227.1717870 228.2372434 235.0659962 237.7843203 274.7616826 339.1617226 369.2965424 379.9403049 434.9962905 464.9824271 498.4907142 513.6041447 526.6603693 543.7832371 572.5647639 583.3704457 587.6639663 630.1915586 633.9764020 643.0167952 669.3211310 672.0918409 679.1447564 723.0605641 732.2084765 752.9399503 767.8701273 810.1843700 830.6811024 846.1262860 884.6136235 905.6143559 993.4905543 1036.070196 1052.777990 1107.237222 1165.127570 1177.157324 1216.749652 1331.425982 14493.53274 28512.61499 32132.27159 532545175.5
