    unsorted:	 98.71439675 100.4155171 101.8799950 103.1397624 104.2223053 105.1446469 105.9246771 96.70824742 94.28043235 91.25972343 112.8769596 87.53535072 84.90438285 82.42888915 120.4951806 127.6228537 76.23855545 133.2212010 136.1140388 67.59950560 149.1095948 157.9092403 160.5861140 167.1552835 174.4227129 174.8911651 180.6500701 54.40395063 52.21629066 193.1098253 194.7949442 204.2408373 205.1982630 215.2697564 232.4382113 247.9975776 244.6239675 266.1358661 266.7195729 16.40134200 280.8849212 304.2891437 373.5736085 451.4283115 595.5905780 609.9446375 809.4215951 1298.550150 1469.656360 3689.921701 7516.504210 9704.580373 17936.28539 20302.78659 43394.46616 109290.7105 154445.7446 403913.9963 883636.6473 1312593.096 505184301.6 109.6622716 109.6622716
      sorted:	 16.40134200 52.21629066 54.40395063 67.59950560 76.23855545 82.42888915 84.90438285 87.53535072 91.25972343 94.28043235 96.70824742 98.71439675 100.4155171 101.8799950 103.1397624 104.2223053 105.1446469 105.9246771 109.6622716 109.6622716 112.8769596 120.4951806 127.6228537 133.2212010 136.1140388 149.1095948 157.9092403 160.5861140 167.1552835 174.4227129 174.8911651 180.6500701 193.1098253 194.7949442 204.2408373 205.1982630 215.2697564 232.4382113 244.6239675 247.9975776 266.1358661 266.7195729 280.8849212 304.2891437 373.5736085 451.4283115 595.5905780 609.9446375 809.4215951 1298.550150 1469.656360 3689.921701 7516.504210 9704.580373 17936.28539 20302.78659 43394.46616 109290.7105 154445.7446 403913.9963 883636.6473 1312593.096 505184301.6
