    unsorted:	 105.5702736 104.6400925 106.3519756 107.0000134 103.5550389 102.3012440 100.8408588 99.06765422 96.85181630 112.5075577 94.07678691 90.73820821 116.4929521 86.87806071 82.69657222 122.9396968 78.34471577 72.57033125 71.13813429 150.6943255 157.8648452 155.1928000 174.2645984 182.8742091 194.6849782 199.3695732 201.9319637 45.97425684 220.8348340 230.1557256 236.0353256 245.9358325 259.8495528 286.4670854 298.1959257 315.4495378 319.3523451 359.7691233 387.0935962 549.2023517 689.8425200 1162.244795 1855.429799 4342.502595 6541.493825 7326.420404 9821.369352 20298.16327 23841.99747 30592.85783 37976.70109 62725.47019 75282.36356 132415.3216 180118.2259 374608.1565 507143.1570 864020.6266 1616007.429 2324546.067 1981103643. 109.6622716 109.6622716
      sorted:	 45.97425684 71.13813429 72.57033125 78.34471577 82.69657222 86.87806071 90.73820821 94.07678691 96.85181630 99.06765422 100.8408588 102.3012440 103.5550389 104.6400925 105.5702736 106.3519756 107.0000134 109.6622716 109.6622716 112.5075577 116.4929521 122.9396968 150.6943255 155.1928000 157.8648452 174.2645984 182.8742091 194.6849782 199.3695732 201.9319637 220.8348340 230.1557256 236.0353256 245.9358325 259.8495528 286.4670854 298.1959257 315.4495378 319.3523451 359.7691233 387.0935962 549.2023517 689.8425200 1162.244795 1855.429799 4342.502595 6541.493825 7326.420404 9821.369352 20298.16327 23841.99747 30592.85783 37976.70109 62725.47019 75282.36356 132415.3216 180118.2259 374608.1565 507143.1570 864020.6266 1616007.429 2324546.067 1981103643.
